# ==========================================
# Auto-generated by MATLAB (export_knn_ref_dataset_header.m)
# Generated Date: 24-Dec-2025 14:38:08
# Copy and paste the block below into your Python code.
# ==========================================

# --- [Parameter Update] ---
k = 23         # Updated Best K from MATLAB
split = 275     # STS Count (Label 1)

# --- [Data Update] ---
ref_xy = np.array([
    [0.234488308, 0.752390146],
    [0.212638721, 0.785954177],
    [0.187081531, 0.777651429],
    [0.188952029, 0.743445098],
    [0.177756876, 0.740789890],
    [0.246298462, 0.785169005],
    [0.160927132, 0.901374042],
    [0.196407899, 0.786708593],
    [0.200657815, 0.741717935],
    [0.201762348, 0.750000000],
    [0.261894196, 0.684099376],
    [0.197068542, 0.857940793],
    [0.201335803, 0.768924177],
    [0.215297148, 0.734722912],
    [0.225257173, 0.793595254],
    [0.201943576, 0.704365253],
    [0.065269478, 0.946401596],
    [0.216316968, 0.725150883],
    [0.212963238, 0.770053446],
    [0.198230207, 0.753762245],
    [0.218018293, 0.709359586],
    [0.250794947, 0.788233101],
    [0.137245521, 0.889270067],
    [0.134851605, 0.810497046],
    [0.181469813, 0.725269556],
    [0.226466388, 0.714503825],
    [0.199576676, 0.741199553],
    [0.147736311, 0.855622053],
    [0.193489254, 0.676453292],
    [0.172328413, 0.800000012],
    [0.159283355, 0.797833025],
    [0.170654878, 0.717998505],
    [0.183130190, 0.728775680],
    [0.191771671, 0.798957348],
    [0.168635711, 0.713872075],
    [0.095518015, 0.860024512],
    [0.174102738, 0.802813292],
    [0.190178707, 0.775572538],
    [0.202244610, 0.717636347],
    [0.214586228, 0.748930454],
    [0.231459334, 0.656088889],
    [0.223373786, 0.703275084],
    [0.238978177, 0.672474205],
    [0.219071627, 0.692111969],
    [0.144053057, 0.847456157],
    [0.142514065, 0.781385064],
    [0.154654190, 0.739034832],
    [0.180362731, 0.787892163],
    [0.188083991, 0.751809537],
    [0.180107012, 0.767288923],
    [0.120763041, 0.822781920],
    [0.248095140, 0.850238264],
    [0.184368476, 0.781385064],
    [0.170029923, 0.841968477],
    [0.192012057, 0.745680988],
    [0.157968864, 0.822957933],
    [0.161649257, 0.755725205],
    [0.178609386, 0.752738118],
    [0.202293888, 0.749200404],
    [0.245333955, 0.677972317],
    [0.224619180, 0.707554638],
    [0.189483881, 0.804798245],
    [0.200047806, 0.745680988],
    [0.198944509, 0.721584797],
    [0.240966260, 0.762999535],
    [0.204464868, 0.774305046],
    [0.162178770, 0.849410117],
    [0.235674351, 0.684667408],
    [0.170826361, 0.800600111],
    [0.150325075, 0.826093018],
    [0.171809390, 0.834605575],
    [0.193829194, 0.753180683],
    [0.200108066, 0.838167965],
    [0.199309200, 0.703511477],
    [0.167599246, 0.799444854],
    [0.239077747, 0.753068209],
    [0.308282465, 0.683020830],
    [0.163963467, 0.837242424],
    [0.381496310, 0.673002005],
    [0.363356352, 0.691272497],
    [0.234335005, 0.770086706],
    [0.229407519, 0.755725205],
    [0.248042956, 0.684951484],
    [0.235494927, 0.718495429],
    [0.295837194, 0.658396959],
    [0.269401371, 0.706213474],
    [0.267693967, 0.715376198],
    [0.365025878, 0.657332480],
    [0.347152621, 0.603120983],
    [0.234447822, 0.761009991],
    [0.307507962, 0.676453292],
    [0.224490747, 0.837242424],
    [0.268107235, 0.717396557],
    [0.168035090, 0.819430947],
    [0.214046568, 0.773300171],
    [0.277631342, 0.719804704],
    [0.259740531, 0.726817667],
    [0.192225501, 0.760110438],
    [0.310475945, 0.676898360],
    [0.342737556, 0.659541965],
    [0.217637450, 0.788863957],
    [0.179306626, 0.809652805],
    [0.218809485, 0.772796690],
    [0.207637489, 0.781385064],
    [0.328117728, 0.636686563],
    [0.176484898, 0.859301746],
    [0.249929979, 0.728841662],
    [0.126953274, 0.810294449],
    [0.228480279, 0.753409386],
    [0.292017907, 0.690374255],
    [0.147195593, 0.837513626],
    [0.190406844, 0.796946585],
    [0.157546908, 0.787864864],
    [0.168494493, 0.838167965],
    [0.188879907, 0.786082029],
    [0.194634676, 0.792607486],
    [0.226332769, 0.737292886],
    [0.146628693, 0.860272169],
    [0.201929808, 0.783364058],
    [0.230384782, 0.739252687],
    [0.245109543, 0.748171508],
    [0.159253314, 0.785169005],
    [0.204191372, 0.833292305],
    [0.183510318, 0.819039047],
    [0.219995663, 0.756463945],
    [0.235288039, 0.729027390],
    [0.156134695, 0.817724824],
    [0.237354204, 0.798328280],
    [0.251093835, 0.741816163],
    [0.207901329, 0.800077319],
    [0.156773314, 0.824427485],
    [0.203951299, 0.798255205],
    [0.129894227, 0.812479258],
    [0.217565864, 0.796452880],
    [0.235348299, 0.730505347],
    [0.281583875, 0.682493091],
    [0.151858315, 0.826223612],
    [0.168450877, 0.878125846],
    [0.206183806, 0.796452880],
    [0.230267391, 0.742159784],
    [0.181627586, 0.797616839],
    [0.253113478, 0.761009991],
    [0.150141463, 0.859659433],
    [0.140140459, 0.915040255],
    [0.123251475, 0.898700237],
    [0.227070421, 0.802813292],
    [0.191676438, 0.768141270],
    [0.217603073, 0.768056393],
    [0.123101696, 0.845038176],
    [0.151930153, 0.849410117],
    [0.273780525, 0.679427683],
    [0.257232368, 0.683309257],
    [0.301846713, 0.720000029],
    [0.239881277, 0.774193525],
    [0.251746267, 0.812479258],
    [0.296944767, 0.702877283],
    [0.327909976, 0.651399493],
    [0.289626420, 0.674531579],
    [0.295075655, 0.732824445],
    [0.294033855, 0.734722912],
    [0.248965487, 0.718525410],
    [0.360672772, 0.650465727],
    [0.293902278, 0.686295867],
    [0.244653210, 0.838400841],
    [0.272254884, 0.721550226],
    [0.271672547, 0.732824445],
    [0.280952781, 0.726038992],
    [0.280683935, 0.715094805],
    [0.274365246, 0.703303039],
    [0.207157880, 0.790853500],
    [0.150899425, 0.878048778],
    [0.285256147, 0.728905559],
    [0.294163823, 0.727436006],
    [0.361016452, 0.648104846],
    [0.252436161, 0.744098663],
    [0.284473628, 0.714804173],
    [0.277646840, 0.816199660],
    [0.238111049, 0.738931298],
    [0.281864226, 0.672104716],
    [0.259181082, 0.734815776],
    [0.265189648, 0.743601263],
    [0.274989933, 0.780103445],
    [0.034578636, 0.970313847],
    [0.264083773, 0.728156745],
    [0.267125815, 0.816199660],
    [0.275630087, 0.669367552],
    [0.273710281, 0.728841662],
    [0.242430717, 0.818580449],
    [0.266570121, 0.748930454],
    [0.246987045, 0.735203743],
    [0.298035711, 0.687022924],
    [0.221858576, 0.831854761],
    [0.370461464, 0.632893801],
    [0.264478266, 0.758537591],
    [0.272462159, 0.668541610],
    [0.173222601, 0.869649231],
    [0.248885527, 0.785169005],
    [0.288926035, 0.723331869],
    [0.203223586, 0.843164444],
    [0.274009436, 0.749768317],
    [0.251391858, 0.717868805],
    [0.270312846, 0.673282444],
    [0.259878039, 0.691572726],
    [0.277997017, 0.715781987],
    [0.314988732, 0.754127443],
    [0.250383586, 0.728244245],
    [0.246208936, 0.723182023],
    [0.330815285, 0.695192873],
    [0.316858113, 0.683499694],
    [0.279701680, 0.841391027],
    [0.335107833, 0.672474205],
    [0.194697753, 0.857031941],
    [0.265445411, 0.788131952],
    [0.259848595, 0.710065901],
    [0.284223676, 0.666870236],
    [0.232381791, 0.826134384],
    [0.262218863, 0.691343784],
    [0.292112887, 0.734954715],
    [0.280168474, 0.660978913],
    [0.230932981, 0.686147690],
    [0.264759272, 0.698852420],
    [0.242121428, 0.755303681],
    [0.318677336, 0.766647100],
    [0.210326344, 0.735251009],
    [0.233363718, 0.828743875],
    [0.112229966, 0.952671766],
    [0.186908230, 0.855734825],
    [0.235788256, 0.870823860],
    [0.290488958, 0.839111924],
    [0.310913891, 0.792782784],
    [0.105999604, 0.895006895],
    [0.073888339, 0.945854783],
    [0.273419619, 0.874902606],
    [0.127476871, 0.894409955],
    [0.204556152, 0.857142866],
    [0.216664910, 0.822699130],
    [0.203421310, 0.797107279],
    [0.100421198, 0.887844980],
    [0.098934807, 1.000000000],
    [0.192421332, 0.920445144],
    [0.149116635, 0.909245133],
    [0.210235283, 0.826053560],
    [0.280872971, 0.792096972],
    [0.053125821, 0.975029111],
    [0.116294138, 0.977848530],
    [0.169564471, 0.858966351],
    [0.225631759, 0.806954086],
    [0.204258829, 0.792891979],
    [0.122589305, 0.878161132],
    [0.181588963, 0.804905534],
    [0.199065328, 0.827260554],
    [0.244299367, 0.785169005],
    [0.177419990, 0.821810246],
    [0.144226432, 0.901374042],
    [0.293529510, 0.790678978],
    [0.128806323, 0.911719799],
    [0.207822204, 0.868532658],
    [0.218283385, 0.824427485],
    [0.153528452, 0.942202806],
    [0.179259568, 0.912699521],
    [0.102979712, 0.981708169],
    [0.240310222, 0.840946078],
    [0.137482628, 0.942202806],
    [0.186377287, 0.882189929],
    [0.173818573, 0.854298055],
    [0.119837210, 0.969914675],
    [0.284304619, 0.781538188],
    [0.177552938, 0.881873488],
    [0.183120430, 0.901013613],
    [0.224670812, 0.805690467],
    [0.290566176, 0.798863828],
    [0.122254081, 0.920147538],
    [0.245642528, 0.768141270],
    [0.275124311, 0.834126651],
    [0.209089249, 0.917197466],
    [0.823635757, 0.440460682],
    [0.711939752, 0.460970193],
    [0.782329202, 0.411728203],
    [0.832662284, 0.461761117],
    [0.738572419, 0.496972889],
    [0.872886956, 0.452429712],
    [0.729405403, 0.464777917],
    [0.838603258, 0.541984737],
    [0.804041982, 0.484732836],
    [0.737648785, 0.493386745],
    [0.808308721, 0.553630114],
    [0.763413250, 0.441190213],
    [0.857270122, 0.411252856],
    [0.779882669, 0.557305276],
    [0.803100049, 0.501476586],
    [0.785616755, 0.500000000],
    [0.862493336, 0.480212599],
    [0.748079538, 0.516367376],
    [0.737949133, 0.437242836],
    [0.791406751, 0.438041657],
    [0.637113214, 0.430995673],
    [0.771239400, 0.471101403],
    [0.795537055, 0.564177752],
    [0.747600675, 0.482273787],
    [0.821864843, 0.458353281],
    [0.824756920, 0.418085724],
    [0.715157390, 0.527808070],
    [0.803835452, 0.542888284],
    [0.830776572, 0.435383916],
    [0.796642900, 0.449898541],
    [0.811595261, 0.418555498],
    [0.800693154, 0.437907279],
    [0.770383596, 0.455152661],
    [0.669186234, 0.419625610],
    [0.714776218, 0.479044765],
    [0.867669225, 0.454408854],
    [0.916422486, 0.461761117],
    [0.812745392, 0.465931594],
    [0.707966983, 0.460364074],
    [0.692603767, 0.457641363],
    [0.625363052, 0.498772562],
    [0.701666057, 0.445145428],
    [0.807623684, 0.562301815],
    [0.746172130, 0.480916023],
    [0.904692233, 0.459964275],
    [0.869679809, 0.485209912],
    [0.737549961, 0.455152661],
    [0.897555172, 0.378231972],
    [0.801932752, 0.447147101],
    [0.869456589, 0.498491049],
    [0.823946893, 0.497273713],
    [0.819230616, 0.485585123],
    [0.844919264, 0.483664125],
    [0.699970067, 0.510524154],
    [0.834072173, 0.470371038],
    [0.750564933, 0.477537215],
    [0.765200496, 0.514235139],
    [0.763793230, 0.575565994],
    [0.819827020, 0.478328913],
    [0.729791284, 0.572907209],
    [0.812842906, 0.505556107],
    [0.743180215, 0.544920743],
    [0.811098218, 0.514359772],
    [0.941813529, 0.434480876],
    [0.790759325, 0.488023162],
    [0.719935119, 0.506160140],
    [0.776278436, 0.512356043],
    [0.830092072, 0.503816783],
    [0.687449336, 0.499653012],
    [0.747963607, 0.547279537],
    [0.883902371, 0.497273713],
    [0.795411229, 0.455666482],
    [0.885885596, 0.464332730],
    [0.667431056, 0.435733438],
    [0.701896310, 0.515968204],
    [0.839316845, 0.416810930],
    [0.743688941, 0.410609782],
    [0.785307825, 0.436272919],
    [0.888273060, 0.449516028],
    [0.815915108, 0.401729047],
    [0.885374963, 0.371684343],
    [0.971515656, 0.349580556],
    [0.956295550, 0.378491729],
    [0.881689131, 0.372955292],
    [0.858023226, 0.375929415],
    [0.915699124, 0.357975096],
    [0.816257834, 0.438808173],
    [0.885914743, 0.372955292],
    [0.945491016, 0.404757679],
    [0.822531164, 0.385341257],
    [0.866585433, 0.429184020],
    [0.918785155, 0.414526939],
    [0.942644119, 0.358084649],
    [0.939249575, 0.349580556],
    [0.725858212, 0.405456126],
    [0.822017550, 0.400849462],
    [0.925272465, 0.410032719],
    [0.964799047, 0.366412222],
    [0.886647105, 0.353920877],
    [0.835361898, 0.493534833],
    [0.917555332, 0.375688463],
    [0.881232142, 0.503997803],
    [0.875732780, 0.456537813],
    [0.859883428, 0.448668003],
    [0.847302377, 0.465931594],
    [0.788706303, 0.437749118],
    [0.864857674, 0.350543976],
    [0.884054303, 0.355635375],
    [0.892633855, 0.373920649],
    [0.734447539, 0.448854953],
    [0.839389205, 0.470506579],
    [0.878770769, 0.437098026],
    [0.850464344, 0.406239629],
    [0.867777824, 0.433779478],
    [0.880667508, 0.421468973],
    [0.847952843, 0.373653561],
    [0.817020893, 0.467057616],
    [0.981326163, 0.416951835],
    [0.813134849, 0.429943353],
    [0.821903408, 0.396681041],
    [0.880567133, 0.388485253],
    [0.705916166, 0.423515409],
    [0.677171230, 0.433501780],
    [0.891682923, 0.364946574],
    [0.898147881, 0.488093883],
    [0.960299015, 0.417891622],
    [0.754901528, 0.489067137],
    [0.806262374, 0.473729610],
    [0.873203218, 0.416450888],
    [0.784378648, 0.466342807],
    [0.839858115, 0.481793076],
    [0.873806953, 0.505843401],
    [0.932119429, 0.382577449],
    [0.888040185, 0.380688012],
    [0.745827675, 0.442748100],
    [0.875881016, 0.363096267],
    [0.751583636, 0.453568518],
    [0.822579503, 0.459236652],
    [0.875589013, 0.397081077],
    [0.757914484, 0.506287396],
    [0.723575234, 0.391857505],
    [0.804247260, 0.472437888],
    [0.897572517, 0.379920512],
    [0.901227772, 0.377420306],
    [0.944524348, 0.357135952],
    [0.834678769, 0.452626854],
    [0.756676197, 0.364769101],
    [0.919713914, 0.418293595],
    [0.876006424, 0.397818983],
    [0.800486743, 0.460632503],
    [0.734811068, 0.401729047],
    [0.774626315, 0.396445990],
    [0.634040296, 0.428167075],
    [0.578352034, 0.488549620],
    [0.803140163, 0.392292619],
    [0.761034489, 0.370310217],
    [0.679076314, 0.466739357],
    [0.866219521, 0.438101560],
    [0.718249798, 0.374292046],
    [0.851106286, 0.451397568],
    [0.892322659, 0.448668003],
    [0.665940404, 0.477570981],
    [0.771488070, 0.393188477],
    [0.617206872, 0.483132243],
    [0.705932081, 0.403565913],
    [0.743879735, 0.429070055],
    [0.603791416, 0.469289482],
    [0.766902566, 0.412213743],
    [0.617428899, 0.447672993],
    [0.634977639, 0.468034357],
    [0.862782359, 0.438129902],
    [0.628937781, 0.459931642],
    [0.646235466, 0.522807658],
    [0.663994730, 0.466968954],
    [0.737718940, 0.381553203],
    [0.905480981, 0.448752046],
    [0.802168250, 0.405456126],
    [0.715570331, 0.389900178],
    [0.709576488, 0.411648303],
    [0.684834063, 0.463591099],
    [0.882450104, 0.426762462],
    [0.865441084, 0.473089188],
    [0.616315126, 0.481191933],
    [0.807708085, 0.381367803],
    [0.635831535, 0.483321935],
    [0.774643660, 0.384070635],
    [0.584722102, 0.490269870],
    [0.626436353, 0.443922490],
    [0.698921382, 0.396291316],
    [0.734449804, 0.394597769],
    [0.619170606, 0.454408854],
    [0.610869527, 0.495825887],
    [0.710582733, 0.375459433],
    [0.625257254, 0.491528571],
    [0.579877377, 0.473654807],
    [0.625742018, 0.493358165],
    [0.733520210, 0.405248523],
    [0.713911295, 0.418516695],
    [0.840375483, 0.482273787],
    [0.620675564, 0.494416475],
    [0.814883471, 0.394240975],
    [0.916987717, 0.496972889],
    [0.627269208, 0.464677304],
    [0.624819696, 0.457641363],
    [0.737649798, 0.420878887],
    [0.585750163, 0.481232643],
    [0.603675187, 0.486942559],
    [0.612116516, 0.502508163],
    [0.867087603, 0.437942892],
    [0.767407417, 0.412213743],
    [0.635728478, 0.510194242],
    [0.655191660, 0.514536321],
    [0.716044843, 0.415927380],
    [0.877237558, 0.466227949],
    [0.770446599, 0.420445353],
    [0.748125136, 0.392276615],
    [0.635659456, 0.539890587],
    [0.760962069, 0.416772187],
    [0.688974798, 0.402273834],
    [0.825240552, 0.366412222],
    [0.587869763, 0.494656503],
    [0.608545303, 0.498727739],
    [0.859172165, 0.453090370],
    [0.634934306, 0.504195333],
    [0.714291275, 0.418019563],
    [0.922631621, 0.398916513],
    [0.941564977, 0.409601480],
    [0.896236360, 0.438770920],
    [0.959160030, 0.392189950],
    [0.933537066, 0.452904373],
    [0.956359327, 0.437045902],
    [0.882758975, 0.432224125],
    [0.796534240, 0.466880083],
    [0.889073193, 0.434266329],
    [0.788568854, 0.450968891],
    [0.840331554, 0.426569432],
    [0.752880931, 0.419933110],
    [0.777531028, 0.465061665],
    [0.915402651, 0.416306645],
    [0.950128317, 0.355079889],
    [0.931788743, 0.400898069],
    [0.905506432, 0.362050176],
    [0.851985812, 0.449441582],
    [0.884167075, 0.434581935],
    [0.947295785, 0.447837144],
    [0.827022791, 0.458015263],
    [0.828568161, 0.423991263],
    [0.847186148, 0.426935673],
    [0.812457144, 0.401871473],
    [0.812008262, 0.440810621],
    [0.949170232, 0.449501961],
    [0.777661324, 0.439694643],
    [0.804276049, 0.424705058],
    [0.719271064, 0.438789934],
    [0.842314780, 0.468370408],
    [0.847194493, 0.452626854],
    [0.938663363, 0.453935772],
    [0.842735529, 0.413429707],
    [0.892827094, 0.423157454],
    [0.791087270, 0.452885509],
    [0.731236756, 0.466465741],
    [0.836821973, 0.408049971],
    [0.831654072, 0.430136085],
    [0.955515265, 0.409678608],
    [0.884092212, 0.418537796],
    [0.854995906, 0.455398023],
    [0.903734326, 0.395725191],
    [0.848219633, 0.485377222],
    [0.795886517, 0.435297698],
    [0.807745278, 0.432731152],
    [0.771801353, 0.432631284],
    [0.962604821, 0.446067035],
    [0.831867158, 0.458368957],
    [0.729887962, 0.416646153],
    [0.839446366, 0.446433276]
])
