# ==========================================
# Auto-generated by MATLAB (export_knn_ref_dataset_header.m)
# Generated Date: 23-Dec-2025 20:24:32
# Copy and paste the block below into your Python code.
# ==========================================

# --- [Parameter Update] ---
k = 25         # Updated Best K from MATLAB
split = 335     # STS Count (Label 1)

# --- [Data Update] ---
ref_xy = np.array([
    [0.219271004, 0.752390146],
    [0.198839366, 0.785954177],
    [0.174940735, 0.777651429],
    [0.176689848, 0.743445098],
    [0.166221216, 0.740789890],
    [0.230314732, 0.785169005],
    [0.150483653, 0.901374042],
    [0.183661863, 0.786708593],
    [0.187635973, 0.741717935],
    [0.188668832, 0.750000000],
    [0.244898379, 0.684099376],
    [0.184279636, 0.857940793],
    [0.188269973, 0.768924177],
    [0.201325282, 0.734722912],
    [0.210638940, 0.793595254],
    [0.188838303, 0.704365253],
    [0.061033767, 0.946401596],
    [0.202278927, 0.725150883],
    [0.199142829, 0.770053446],
    [0.185365915, 0.753762245],
    [0.211769685, 0.714503825],
    [0.186625004, 0.741199553],
    [0.138148844, 0.855622053],
    [0.180932626, 0.676453292],
    [0.161145031, 0.800000012],
    [0.148946553, 0.797833025],
    [0.159580112, 0.717998505],
    [0.171245828, 0.728775680],
    [0.179326504, 0.798957348],
    [0.157691970, 0.713872075],
    [0.089319304, 0.860024512],
    [0.162804201, 0.802813292],
    [0.177836910, 0.775572538],
    [0.189119801, 0.717636347],
    [0.200660497, 0.748930454],
    [0.216438606, 0.656088889],
    [0.208877772, 0.703275084],
    [0.223469511, 0.672474205],
    [0.204854816, 0.692111969],
    [0.134704620, 0.847456157],
    [0.112926036, 0.822781920],
    [0.231994823, 0.850238264],
    [0.172403753, 0.781385064],
    [0.158995703, 0.841968477],
    [0.179551288, 0.745680988],
    [0.147717357, 0.822957933],
    [0.151158899, 0.755725205],
    [0.167018399, 0.752738118],
    [0.189165875, 0.749200404],
    [0.229412824, 0.677972317],
    [0.210042357, 0.707554638],
    [0.177187175, 0.804798245],
    [0.187065557, 0.745680988],
    [0.186033860, 0.721584797],
    [0.225328580, 0.762999535],
    [0.191195965, 0.774305046],
    [0.151654065, 0.849410117],
    [0.220380083, 0.684667408],
    [0.159740463, 0.800600111],
    [0.140569627, 0.826093018],
    [0.216134191, 0.675434589],
    [0.185353577, 0.861563861],
    [0.211195022, 0.726817667],
    [0.136518553, 0.859738171],
    [0.182608113, 0.740921915],
    [0.198467582, 0.788582802],
    [0.116744317, 0.813435137],
    [0.197332680, 0.826015949],
    [0.179408297, 0.739252687],
    [0.132165343, 0.775184214],
    [0.210910022, 0.827738464],
    [0.147123829, 0.705170691],
    [0.123197772, 0.839866221],
    [0.216561168, 0.828334749],
    [0.165864468, 0.726614058],
    [0.080392569, 0.898069143],
    [0.234264806, 0.802920699],
    [0.146910101, 0.732824445],
    [0.193787143, 0.839617908],
    [0.149479330, 0.728328586],
    [0.242884472, 0.726817667],
    [0.157130331, 0.819430947],
    [0.203515723, 0.703511477],
    [0.214519948, 0.755725205],
    [0.229059622, 0.736434400],
    [0.287551999, 0.676453292],
    [0.269624084, 0.709560156],
    [0.231946021, 0.684951484],
    [0.251918346, 0.706213474],
    [0.339776069, 0.691272497],
    [0.290327400, 0.676898360],
    [0.356738836, 0.673002005],
    [0.219127655, 0.770086706],
    [0.320495337, 0.659541965],
    [0.250321746, 0.715376198],
    [0.200155854, 0.773300171],
    [0.341337264, 0.657332480],
    [0.320581049, 0.665483832],
    [0.153322935, 0.837242424],
    [0.318174273, 0.700493932],
    [0.157559916, 0.838167965],
    [0.182003707, 0.792607486],
    [0.176622406, 0.786082029],
    [0.165031776, 0.859301746],
    [0.213652894, 0.753409386],
    [0.232697874, 0.736601889],
    [0.215433791, 0.739252687],
    [0.161063746, 0.817557275],
    [0.178050250, 0.796946585],
    [0.226366401, 0.740662098],
    [0.147322774, 0.787864864],
    [0.184981689, 0.808764756],
    [0.137643233, 0.837513626],
    [0.198927596, 0.785169005],
    [0.204609677, 0.772796690],
    [0.209224179, 0.757251918],
    [0.118714541, 0.810294449],
    [0.215754226, 0.746995091],
    [0.205718875, 0.756463945],
    [0.194162697, 0.781385064],
    [0.234798923, 0.741816163],
    [0.131045952, 0.915040255],
    [0.220018849, 0.729027390],
    [0.157590970, 0.790076315],
    [0.146002218, 0.817724824],
    [0.190715730, 0.798255205],
    [0.169840738, 0.797616839],
    [0.115252979, 0.898700237],
    [0.172939956, 0.819769681],
    [0.203446761, 0.796452880],
    [0.115112916, 0.845038176],
    [0.140397921, 0.859659433],
    [0.226022795, 0.749479532],
    [0.215324029, 0.742159784],
    [0.263310283, 0.682493091],
    [0.194409415, 0.800077319],
    [0.173796937, 0.773536921],
    [0.212334529, 0.802813292],
    [0.214156821, 0.720403671],
    [0.203481570, 0.768056393],
    [0.233101115, 0.732824445],
    [0.200721592, 0.807034492],
    [0.251125783, 0.730669081],
    [0.242802650, 0.723027289],
    [0.226079971, 0.763541639],
    [0.237738609, 0.748559892],
    [0.274997979, 0.744456589],
    [0.300363094, 0.655685008],
    [0.239402175, 0.747233868],
    [0.143975720, 0.884592772],
    [0.220507383, 0.754505634],
    [0.194316834, 0.784250677],
    [0.161235407, 0.840982258],
    [0.202415720, 0.783433855],
    [0.176174164, 0.822957933],
    [0.321718723, 0.653756499],
    [0.184242561, 0.795766413],
    [0.255303174, 0.704301298],
    [0.224314004, 0.774193525],
    [0.245476246, 0.690475285],
    [0.247446373, 0.747264326],
    [0.277674317, 0.702877283],
    [0.201260582, 0.714503825],
    [0.256013334, 0.679427683],
    [0.144757658, 0.782043993],
    [0.274829268, 0.686295867],
    [0.292561114, 0.683141410],
    [0.337588012, 0.648104846],
    [0.275926530, 0.732824445],
    [0.228776246, 0.838400841],
    [0.326203138, 0.709184945],
    [0.309550226, 0.766134620],
    [0.141106695, 0.878048778],
    [0.235409021, 0.812479258],
    [0.306630015, 0.651399493],
    [0.287776530, 0.691375077],
    [0.294871241, 0.683735728],
    [0.274952322, 0.734722912],
    [0.257144243, 0.780103445],
    [0.222658649, 0.738931298],
    [0.220292553, 0.725910962],
    [0.235798523, 0.682284832],
    [0.241015419, 0.678940296],
    [0.247314751, 0.758537591],
    [0.255947649, 0.728841662],
    [0.309311032, 0.744456589],
    [0.256227404, 0.749768317],
    [0.242361337, 0.734815776],
    [0.230958641, 0.735203743],
    [0.304394603, 0.769465625],
    [0.346420079, 0.632893801],
    [0.247979969, 0.743601263],
    [0.249270856, 0.748930454],
    [0.278694481, 0.687022924],
    [0.270175964, 0.723331869],
    [0.207460910, 0.831854761],
    [0.257742882, 0.669367552],
    [0.226697996, 0.818580449],
    [0.259956181, 0.715781987],
    [0.313360751, 0.672474205],
    [0.230231017, 0.723182023],
    [0.261986732, 0.660978913],
    [0.273156017, 0.734954715],
    [0.222897083, 0.779458702],
    [0.229194388, 0.751776755],
    [0.235077590, 0.717868805],
    [0.182062700, 0.857031941],
    [0.196677059, 0.735251009],
    [0.242985532, 0.710065901],
    [0.261550218, 0.841391027],
    [0.226408780, 0.755303681],
    [0.297996551, 0.766647100],
    [0.340046644, 0.746114016],
    [0.309346795, 0.695192873],
    [0.267807811, 0.701353431],
    [0.223323092, 0.751736045],
    [0.245201975, 0.691343784],
    [0.248219147, 0.788131952],
    [0.278682381, 0.721787930],
    [0.205537632, 0.749810398],
    [0.278384626, 0.786822021],
    [0.311050564, 0.659541965],
    [0.259506106, 0.702093065],
    [0.256255031, 0.687022924],
    [0.216071352, 0.693149209],
    [0.282391429, 0.802510202],
    [0.177814782, 0.809572935],
    [0.297380090, 0.700763345],
    [0.127505705, 0.924651980],
    [0.308494866, 0.759141326],
    [0.281455934, 0.821339726],
    [0.287463635, 0.668163478],
    [0.170270354, 0.875765443],
    [0.193578601, 0.706652105],
    [0.296868265, 0.723887563],
    [0.189666525, 0.821268737],
    [0.077548243, 0.954765558],
    [0.210547298, 0.853444576],
    [0.169804618, 0.804905534],
    [0.158560455, 0.858966351],
    [0.220486611, 0.870823860],
    [0.255675852, 0.874902606],
    [0.109643117, 0.910610259],
    [0.139439598, 0.909245133],
    [0.271637470, 0.839111924],
    [0.049574442, 0.931961477],
    [0.179933995, 0.920445144],
    [0.069093302, 0.945854783],
    [0.099120684, 0.895006895],
    [0.092514358, 1.000000000],
    [0.202604279, 0.822699130],
    [0.191281334, 0.857142866],
    [0.286022604, 0.838891149],
    [0.119204171, 0.894409955],
    [0.108747147, 0.977848530],
    [0.114320315, 0.920147538],
    [0.271709651, 0.798863828],
    [0.147953704, 0.885855436],
    [0.165906191, 0.821810246],
    [0.146251366, 0.833105683],
    [0.171236694, 0.901013613],
    [0.120447338, 0.911719799],
    [0.228445381, 0.785169005],
    [0.199443161, 0.860545278],
    [0.166030511, 0.881873488],
    [0.224715114, 0.840946078],
    [0.186146840, 0.827260554],
    [0.257269919, 0.834126651],
    [0.129879251, 0.896192908],
    [0.204117715, 0.824427485],
    [0.090396918, 0.953935266],
    [0.134866744, 0.901374042],
    [0.143565103, 0.942202806],
    [0.128560588, 0.942202806],
    [0.194335431, 0.868532658],
    [0.307219148, 0.695534706],
    [0.285852522, 0.705825627],
    [0.352705181, 0.650669217],
    [0.300554514, 0.673354387],
    [0.327440828, 0.758628130],
    [0.186551318, 0.689946413],
    [0.251024812, 0.723477185],
    [0.303452730, 0.698580325],
    [0.331186712, 0.653904855],
    [0.323400170, 0.666505456],
    [0.347359478, 0.670488715],
    [0.296952933, 0.695534706],
    [0.296464711, 0.721058905],
    [0.300822705, 0.658594370],
    [0.249529451, 0.729249656],
    [0.330131501, 0.654429257],
    [0.287657648, 0.707020760],
    [0.308115304, 0.659541965],
    [0.157779664, 0.777388096],
    [0.193429947, 0.824427485],
    [0.315471560, 0.693364680],
    [0.300317079, 0.693931520],
    [0.243736967, 0.711270750],
    [0.283444434, 0.696783900],
    [0.280918241, 0.698410034],
    [0.214131922, 0.775251091],
    [0.256414235, 0.751455545],
    [0.316153079, 0.667815804],
    [0.262849361, 0.730964482],
    [0.237542555, 0.710949063],
    [0.302106500, 0.677307427],
    [0.231048778, 0.798863828],
    [0.345524788, 0.671454906],
    [0.269893140, 0.658334017],
    [0.297080398, 0.625532448],
    [0.306581050, 0.634175003],
    [0.320077300, 0.641686380],
    [0.309353411, 0.734638333],
    [0.264374137, 0.708975136],
    [0.287856400, 0.670895576],
    [0.269569755, 0.728905559],
    [0.274323732, 0.744203687],
    [0.276257038, 0.687022924],
    [0.283371419, 0.709923685],
    [0.226032972, 0.709391117],
    [0.283054292, 0.723182023],
    [0.221911386, 0.716074169],
    [0.203000322, 0.730413795],
    [0.316750169, 0.682284832],
    [0.241750047, 0.686263740],
    [0.311686337, 0.641221344],
    [0.235894606, 0.789506972],
    [0.235005811, 0.720189512],
    [0.350435466, 0.717121065],
    [0.182399392, 0.764686346],
    [0.305944562, 0.698936582],
    [0.264984697, 0.705290556],
    [0.238774061, 0.774462163],
    [0.248109549, 0.706652105],
    [0.315273434, 0.721192300],
    [0.770185292, 0.440460682],
    [0.665737927, 0.460970193],
    [0.731559336, 0.411728203],
    [0.778626084, 0.461761117],
    [0.690642238, 0.496972889],
    [0.816240311, 0.452429712],
    [0.682070076, 0.464777917],
    [0.784181476, 0.541984737],
    [0.751863122, 0.484732836],
    [0.689778507, 0.493386745],
    [0.755852938, 0.553630114],
    [0.713871002, 0.441190213],
    [0.801636934, 0.411252856],
    [0.729271591, 0.557305276],
    [0.750982285, 0.501476586],
    [0.734633565, 0.500000000],
    [0.806521177, 0.480212599],
    [0.699532390, 0.516367376],
    [0.690059364, 0.437242836],
    [0.740047872, 0.438041657],
    [0.771233678, 0.418085724],
    [0.668746710, 0.527808070],
    [0.751669943, 0.542888284],
    [0.776862741, 0.435383916],
    [0.744944155, 0.449898541],
    [0.758926153, 0.418555498],
    [0.748731554, 0.437907279],
    [0.720389009, 0.455152661],
    [0.625758886, 0.419625610],
    [0.668390274, 0.479044765],
    [0.811361194, 0.454408854],
    [0.856950581, 0.461761117],
    [0.760001659, 0.465931594],
    [0.662022948, 0.460364074],
    [0.647656739, 0.457641363],
    [0.584779680, 0.498772562],
    [0.656130910, 0.445145428],
    [0.755212367, 0.562301815],
    [0.697748780, 0.480916023],
    [0.845981598, 0.459964275],
    [0.826540887, 0.497273713],
    [0.715542197, 0.514235139],
    [0.790087640, 0.483664125],
    [0.654544950, 0.510524154],
    [0.779944479, 0.470371038],
    [0.701856494, 0.477537215],
    [0.682430923, 0.572907209],
    [0.880693853, 0.434480876],
    [0.766623735, 0.478328913],
    [0.917844832, 0.503206134],
    [0.760092854, 0.505556107],
    [0.694950998, 0.544920743],
    [0.758461416, 0.514359772],
    [0.770476282, 0.497273713],
    [0.739442408, 0.488023162],
    [0.766066015, 0.485585123],
    [0.725901306, 0.512356043],
    [0.776222646, 0.503816783],
    [0.642836809, 0.499653012],
    [0.699423969, 0.547279537],
    [0.813800454, 0.495308220],
    [0.705854893, 0.477928966],
    [0.724256277, 0.458386123],
    [0.860826433, 0.451179206],
    [0.735144198, 0.456884354],
    [0.763679743, 0.443313539],
    [0.815820217, 0.486547381],
    [0.865534008, 0.463064253],
    [0.707398117, 0.494875461],
    [0.723148108, 0.510973275],
    [0.745790839, 0.466342807],
    [0.817430675, 0.532030523],
    [0.726284266, 0.490496039],
    [0.856274188, 0.357975096],
    [0.695814848, 0.386342585],
    [0.830627918, 0.449516028],
    [0.810347736, 0.429184020],
    [0.734344661, 0.436272919],
    [0.852056801, 0.379498363],
    [0.908468425, 0.349580556],
    [0.884132683, 0.404757679],
    [0.865226209, 0.410032719],
    [0.784848750, 0.416810930],
    [0.881470561, 0.358084649],
    [0.791235983, 0.419496655],
    [0.838569582, 0.363457263],
    [0.734284103, 0.414466262],
    [0.829107523, 0.353920877],
    [0.695426702, 0.410609782],
    [0.852388024, 0.424882233],
    [0.768672109, 0.400849462],
    [0.802341223, 0.375929415],
    [0.678753138, 0.405456126],
    [0.823515952, 0.421468973],
    [0.834705710, 0.373920649],
    [0.760365844, 0.429943353],
    [0.795272827, 0.406239629],
    [0.826682985, 0.355635375],
    [0.808732092, 0.350543976],
    [0.763999701, 0.467057616],
    [0.633225679, 0.433501780],
    [0.821742296, 0.437098026],
    [0.935104251, 0.377473712],
    [0.818901479, 0.456537813],
    [0.784916461, 0.470506579],
    [0.811462760, 0.433779478],
    [0.660105228, 0.423515409],
    [0.792924285, 0.373653561],
    [0.768565357, 0.396681041],
    [0.810745955, 0.409715474],
    [0.917642295, 0.416951835],
    [0.833816528, 0.364946574],
    [0.858009875, 0.375688463],
    [0.817100585, 0.505843401],
    [0.785354912, 0.481793076],
    [0.708729029, 0.506287396],
    [0.697426617, 0.442748100],
    [0.883228719, 0.357135952],
    [0.748538613, 0.460632503],
    [0.871628821, 0.382577449],
    [0.752055049, 0.472437888],
    [0.816536009, 0.416450888],
    [0.769197583, 0.459236652],
    [0.707571149, 0.364769101],
    [0.702809095, 0.453568518],
    [0.860028386, 0.418293595],
    [0.705911636, 0.489067137],
    [0.780511677, 0.452626854],
    [0.842741966, 0.377420306],
    [0.839323878, 0.379920512],
    [0.818767011, 0.397081077],
    [0.753939390, 0.473729610],
    [0.819157302, 0.397818983],
    [0.870195389, 0.401959658],
    [0.826744080, 0.389110327],
    [0.874250948, 0.404739857],
    [0.808508873, 0.450118452],
    [0.860494673, 0.346142590],
    [0.740074277, 0.455190510],
    [0.868574381, 0.408155382],
    [0.883738458, 0.424186766],
    [0.810061395, 0.400898069],
    [0.707619905, 0.442612976],
    [0.828503072, 0.364832848],
    [0.940484047, 0.357152700],
    [0.832605004, 0.483321935],
    [0.718482912, 0.459680766],
    [0.644963562, 0.468666792],
    [0.629465401, 0.392258704],
    [0.724356353, 0.396445990],
    [0.648896456, 0.467074901],
    [0.711646557, 0.370310217],
    [0.708894253, 0.458015263],
    [0.620904267, 0.466968954],
    [0.588122427, 0.459931642],
    [0.671638429, 0.374292046],
    [0.741803527, 0.383286446],
    [0.689844131, 0.381553203],
    [0.724056840, 0.406804115],
    [0.666047394, 0.414327651],
    [0.687124968, 0.401729047],
    [0.622977138, 0.443240583],
    [0.862135231, 0.424944520],
    [0.592893779, 0.428167075],
    [0.604297519, 0.522807658],
    [0.659294367, 0.462261766],
    [0.806791425, 0.438129902],
    [0.750110984, 0.405456126],
    [0.576318860, 0.481191933],
    [0.846719146, 0.448752046],
    [0.592548490, 0.484957337],
    [0.686787188, 0.394597769],
    [0.664468944, 0.375459433],
    [0.585783303, 0.443922490],
    [0.585134029, 0.493358165],
    [0.542245805, 0.473654807],
    [0.594568789, 0.483321935],
    [0.755291224, 0.381367803],
    [0.669132888, 0.389900178],
    [0.578989089, 0.454408854],
    [0.809277654, 0.473089188],
    [0.785838664, 0.482273787],
    [0.685917854, 0.405248523],
    [0.653564394, 0.396291316],
    [0.580396354, 0.494416475],
    [0.724372566, 0.384070635],
    [0.667581499, 0.418516695],
    [0.667936802, 0.418019563],
    [0.820308566, 0.466227949],
    [0.689779460, 0.420878887],
    [0.594472408, 0.510194242],
    [0.564499259, 0.486942559],
    [0.699575007, 0.392276615],
    [0.810817361, 0.437942892],
    [0.717605948, 0.412213743],
    [0.771685958, 0.366412222],
    [0.572392762, 0.502508163],
    [0.803415537, 0.453090370],
    [0.612672508, 0.514536321],
    [0.720447898, 0.420445353],
    [0.586562097, 0.464677304],
    [0.746994197, 0.392918617],
    [0.711578906, 0.416772187],
    [0.549719512, 0.494656503],
    [0.762001038, 0.394240975],
    [0.547737479, 0.481232643],
    [0.669576585, 0.415927380],
    [0.630303204, 0.466739357],
    [0.789240420, 0.405208796],
    [0.610473216, 0.495110720],
    [0.619585454, 0.475914717],
    [0.622988999, 0.454856545],
    [0.836696804, 0.462613106],
    [0.885252893, 0.352068663],
    [0.712547898, 0.402273834],
    [0.752318323, 0.420171529],
    [0.744569421, 0.507340014],
    [0.590389431, 0.480074763],
    [0.740166783, 0.423515409],
    [0.744655430, 0.426234603],
    [0.611299992, 0.459118932],
    [0.689754128, 0.398916513],
    [0.884715140, 0.453063756],
    [0.641640425, 0.480916023],
    [0.674781382, 0.413938493],
    [0.597670615, 0.464894533],
    [0.586764693, 0.461936027],
    [0.831376135, 0.434266329],
    [0.894295633, 0.437045902],
    [0.792207360, 0.426935673],
    [0.896914601, 0.392189950],
    [0.759732127, 0.401871473],
    [0.796695530, 0.449441582],
    [0.912997842, 0.479402751],
    [0.737394094, 0.450968891],
    [0.885820329, 0.447837144],
    [0.744842589, 0.466880083],
    [0.855996907, 0.416306645],
    [0.888469040, 0.355079889],
    [0.880461395, 0.409601480],
    [0.773352504, 0.458015263],
    [0.846742928, 0.362050176],
    [0.871319652, 0.400898069],
    [0.959295690, 0.464530975],
    [0.825471699, 0.432224125],
    [0.862756729, 0.398916513],
    [0.704022169, 0.419933110],
    [0.755326092, 0.432731152],
    [0.793173790, 0.485377222],
    [0.787652135, 0.468370408],
    [0.777882516, 0.458368957],
    [0.887573123, 0.449501961],
    [0.826718390, 0.418537796],
    [0.834886432, 0.423157454],
    [0.683782578, 0.466465741],
    [0.877748132, 0.453935772],
    [0.845085859, 0.395725191],
    [0.739749074, 0.452885509],
    [0.760239363, 0.491763771],
    [0.900135875, 0.446067035],
    [0.777683318, 0.430136085],
    [0.672593474, 0.438789934],
    [0.933351040, 0.477405697],
    [0.721714735, 0.432631284],
    [0.792215168, 0.452626854],
    [0.893506408, 0.409678608],
    [0.682521343, 0.416646153],
    [0.886832356, 0.431073189],
    [0.886801183, 0.459680766],
    [0.908030689, 0.518507838],
    [0.816575229, 0.427250475],
    [0.898657918, 0.489014030],
    [0.828150988, 0.424804598],
    [0.828688443, 0.440488338],
    [0.893189311, 0.471775383],
    [0.839310348, 0.432142645],
    [0.801333547, 0.445311189],
    [0.867579937, 0.469130278],
    [0.873416781, 0.447837144],
    [0.923754454, 0.478699833],
    [0.796546996, 0.421374053],
    [0.889294624, 0.450506806],
    [0.842415452, 0.458015263],
    [0.855570614, 0.481191933],
    [0.948683977, 0.461998016],
    [0.854523838, 0.431552172],
    [0.860868692, 0.451472193],
    [0.794640303, 0.464122146],
    [0.850227416, 0.477727324],
    [0.911673427, 0.469759256],
    [0.933732390, 0.477300107],
    [0.885595620, 0.467175573],
    [0.879743874, 0.453653216],
    [0.881257415, 0.462128043],
    [0.860900223, 0.448150337],
    [0.892452061, 0.464406192],
    [0.897929132, 0.487112701],
    [0.848941147, 0.439694643],
    [0.875527322, 0.444691181],
    [0.807344198, 0.450289696],
    [0.829487443, 0.474098235],
    [0.877835333, 0.457245499],
    [0.906739652, 0.434375763],
    [0.850308836, 0.501122594],
    [0.807834983, 0.418019563],
    [0.911523342, 0.456937581],
    [0.830313683, 0.505181074],
    [0.806852162, 0.456825614],
    [0.739144087, 0.467548609],
    [0.739695191, 0.464240730],
    [0.945143461, 0.486470670],
    [0.845278084, 0.468193382],
    [0.844799340, 0.450163573],
    [0.793811142, 0.448770911],
    [0.873281896, 0.490345746],
    [0.858769536, 0.435820699],
    [0.855127454, 0.437610805],
    [0.838264704, 0.479025155],
    [0.986435711, 0.492266834],
    [0.808840036, 0.467991829],
    [0.831092775, 0.460271508],
    [0.727144837, 0.443922490],
    [0.870619535, 0.469626933],
    [0.755374849, 0.478123248],
    [0.877467453, 0.468940407],
    [0.834537625, 0.462295771],
    [0.887003779, 0.410558254]
])
